0.997185
0.932557
0.128124
0.999041
0.236089
0.396581
0.387911
0.669746
0.935539
0.846311
0.313274
0.524548
0.443453
0.229577
0.534414
0.913962
0.457205
0.430699
0.939128
0.778389
0.715971
0.802758
0.0928008
0.518153
0.86502
0.829147
0.829603
0.27305
0.0592432
0.670528
0.593066
0.671654
0.411788
0.197551
0.28963
0.14212
0.783314
0.412539
0.0341713
0.62403
0.660636
0.298495
0.446135
0.222125
0.0733642
0.469239
0.0961723
0.90337
0.11949
0.524799
0.083623
0.916861
0.910448
0.29893
0.584389
0.565912
0.613938
0.956536
0.260979
0.231015
0.533448
0.949938
0.49306
0.540601
0.765485
0.0453457
0.139966
0.792404
0.0298014
0.883125
0.540788
0.44798
0.892136
0.377584
0.538425
0.652299
0.361261
0.571009
0.637836
0.126315
0.690205
0.647749
0.353939
0.763233
0.356532
0.752788
0.881342
0.0116692
0.498109
0.073792
0.786951
0.0640673
0.35531
0.941837
0.379803
0.76292
0.771595
0.301361
0.772739
0.15293
0.578634
0.009008
0.709043
0.470641
0.764593
0.467393
0.269001
0.831693
0.551325
0.0700815
0.472475
0.742765
0.191956
0.464312
0.230363
0.508248
0.208568
0.0493042
0.518862
0.172278
0.396313
0.107365
0.50981
0.102135
0.288718
0.231758
0.967668
0.278319
0.233623
0.0915564
0.570067
0.417927
0.367843
0.812995
0.28976
0.717392
0.612948
0.42691
0.751873
0.427813
0.428382
0.361904
0.153338
0.93719
0.91641
0.781958
0.616329
0.0359994
0.654324
0.12977
0.294359
0.360815
0.274645
0.073969
0.152137
0.161619
0.938712
0.371134
0.0500181
0.740956
0.29868
0.204358
0.981757
0.893021
0.759349
0.651121
0.0396835
0.813876
0.762573
0.455282
0.531826
0.109336
0.146033
0.508789
0.21565
0.916444
0.462153
0.132267
0.764242
0.212734
0.0742584
0.0954192
0.162206
0.356464
0.0953078
0.143263
0.931013
0.576584
0.839645
0.623292
0.324518
0.728012
0.522737
0.736811
0.165406
0.687058
0.426811
0.728557
0.756335
0.397611
0.9252
0.20351
0.00800271
0.926351
0.294512
0.166952
0.0241016
0.452002
0.808339
0.368377
0.609207
0.0348477
0.354577
0.07852
0.693185
0.0127127
0.459545
0.961317
0.334185
0.472083
0.105391
0.503076
0.88569
0.534377
0.281477
0.354585
0.89628
0.241489
0.0238841
0.965727
0.429968
0.346289
0.577068
0.126526
0.950043
0.313611
0.952831
0.218393
0.2487
0.863802
0.235268
0.8151
0.543897
0.19126
0.58884
0.0481368
0.015873
0.049711
0.399415
0.576904
0.867517
0.786162
0.254703
0.0822549
0.157756
0.209493
0.417383
0.34769
0.699884
0.697509
0.0747239
0.0364697
0.7894
0.900529
0.00466331
0.264203
0.467377
0.359816
0.240218
0.0231687
0.531668
0.130195
0.561459
0.167831
0.421075
0.684688
0.2739
0.00999973
0.219866
0.0319562
0.934872
0.782092
0.517594
0.0164628
0.2988
0.54072
0.859884
0.185114
0.0835463
0.0442723
0.443808
0.0193188
0.0670321
0.811772
0.636291
0.77285
0.705682
0.238211
0.0444179
0.281217
0.86509
0.0731233
0.660332
0.187379
0.522287
0.903879
0.475153
0.847022
0.838779
0.13928
0.540305
0.467085
0.218683
0.440828
0.480278
0.333284
0.00891268
0.505464
0.673147
0.0554593
0.15758
0.605103
0.319224
0.890517
0.790374
0.217499
0.200209
0.68044
0.156217
0.510361
0.988065
0.144692
0.0483
0.899064
0.71533
0.310328
0.39294
0.0807837
0.352121
0.00101328
0.62463
0.200271
0.625112
0.321452
0.0473182
0.723365
0.759252
0.406304
0.704335
0.585359
0.969565
0.303878
0.313755
0.226462
0.672335
0.778922
0.512662
0.615265
0.0456612
0.4461
0.968013
0.35956
0.554032
0.411354
0.966047
0.203058
0.992827
0.6592
0.809077
0.458151
0.887308
0.533934
0.577279
0.917498
0.314147
0.726138
0.805236
0.480063
0.487574
0.84141
0.555528
0.269881
0.486743
0.275846
0.22539
0.646754
0.921134
0.200475
0.879853
0.465808
0.72498
0.302871
0.489007
0.203674
0.0886163
0.16569
0.502997
0.787581
0.903602
0.219524
0.738131
0.257803
0.564209
0.13243
0.372088
0.0828555
0.505726
0.694407
0.456978
0.361275
0.816008
0.0458115
0.387828
0.458523
0.735732
0.909637
0.277405
0.817768
0.656316
0.0112803
0.735354
0.603495
0.680019
0.58396
0.573521
0.361017
0.9587
0.986943
0.387135
0.83618
0.982142
0.585353
0.670932
0.0862565
0.991451
0.7795
0.994365
0.65369
0.0374279
0.719089
0.688116
0.608813
0.106211
0.280685
0.776215
0.890166
0.510599
0.715708
0.0777789
0.615304
0.837804
0.696005
0.555059
0.86119
0.745322
0.264549
0.999769
0.573732
0.639059
0.4897
0.889375
0.87451
0.84779
0.647724
0.585579
0.281583
0.991654
0.799661
0.501636
0.772315
0.12428
0.921018
0.0448366
0.228605
0.842486
0.305572
0.484322
0.650054
0.143943
0.305798
0.88692
0.886842
0.515217
0.267088
0.880343
0.497983
0.333439
0.894697
0.204483
0.819605
0.838838
0.522796
0.161938
0.948977
0.0594491
0.886499
0.574344
0.378847
0.640905
0.127807
0.406703
0.35641
0.151156
0.856473
0.102008
0.953121
0.166814
0.439404
0.160416
0.879272
0.47845
0.399153
0.27547
0.0516412
0.138715
0.778638
0.178053
0.583439
0.928124
0.107664
0.452644
0.155992
0.304211
0.764124
0.626922
0.711095
0.193461
0.0684311
0.879656
0.319849
0.60448
0.95521
0.415792
0.195892
0.166028
0.624807
0.0562937
0.328553
0.980412
0.771597
0.209332
0.585282
0.439788
0.613554
0.319971
0.1119
0.313015
0.993938
0.165774
0.46292
0.635517
0.037088
0.253274
0.870213
0.139631
0.018071
0.689714
0.871078
0.355508
0.396799
0.862912
0.932257
0.450759
0.974991
0.697937
0.75361
0.577774
0.134606
0.807699
0.104669
0.335511
0.564364
0.622589
0.458101
0.812855
0.248261
0.422766
0.805611
0.548123
0.247527
0.0107718
0.24692
0.24987
0.615763
0.261934
0.524276
0.380255
0.0360897
0.843606
0.449966
0.976481
0.0574472
0.163089
0.182594
0.541293
0.272699
0.493268
0.733943
0.184755
0.920697
0.660063
0.690075
0.168086
0.685754
0.601804
0.654961
0.517694
0.0694845
0.473837
0.484744
0.617898
0.100721
0.0282695
0.0679686
0.375883
0.772834
0.407131
0.934955
0.532677
0.44641
0.328819
0.344065
0.047464
0.448608
0.903231
0.881428
0.812956
0.960228
0.306551
0.928267
0.0449278
0.360133
0.0760176
0.925426
0.338023
0.79098
0.749122
0.46583
0.0823261
0.199965
0.0761692
0.892464
0.720971
0.447687
0.576449
0.201467
0.720518
0.847344
0.568554
0.606442
0.900273
0.893316
0.60038
0.784025
0.788337
0.980759
0.686563
0.919947
0.069396
0.531458
0.5841
0.386633
0.26126
0.449316
0.547591
0.845923
0.815795
0.261264
0.982056
0.928058
0.335672
0.704562
0.649134
0.208791
0.744471
0.977718
0.415604
0.0915583
0.261298
0.228855
0.831441
0.526814
0.0326995
0.760843
0.423374
0.177009
0.701239
0.597598
0.275584
0.0618401
0.704884
0.358194
0.723237
0.526975
0.0949421
0.356454
0.909984
0.178666
0.192428
0.201307
0.122154
0.629671
0.949955
0.0400954
0.464233
0.0697029
0.593844
0.59858
0.350454
0.261992
0.313324
0.90491
0.404988
0.706368
0.550539
0.450138
0.462996
0.1033
0.950032
0.125496
0.131214
0.160427
0.870082
0.987102
0.938849
0.382036
0.482247
0.669888
0.812798
0.918039
0.0876596
0.128513
0.735464
0.962871
0.567131
0.947215
0.856924
0.703499
0.180116
0.619334
0.558079
0.0625091
0.439119
0.859965
0.0106279
0.0851599
0.428749
0.587465
0.859552
0.614593
0.532419
0.836449
0.744061
0.327867
0.244692
0.654546
0.608783
0.0680678
0.386599
0.536384
0.892901
0.939331
0.2181
0.561832
0.134154
0.708817
0.153213
0.00254654
0.0140036
0.217611
0.904846
0.0632715
0.292299
0.145026
0.651545
0.143707
0.310968
0.954782
0.917505
0.848547
0.525272
0.096774
0.146325
0.415103
0.524872
0.282037
0.262218
0.456978
0.396003
0.729957
0.00600753
0.61372
0.0311966
0.0627102
0.257612
0.591889
0.0882067
0.861043
0.0724649
0.328781
0.81057
0.933149
0.246993
0.554556
0.56048
0.477248
0.449832
0.935863
0.390073
0.0468758
0.255708
0.432552
0.294153
0.541572
0.760635
0.906792
0.771671
0.564868
0.171437
0.425665
0.749198
0.0329608
0.482098
0.521726
0.537513
0.163177
0.638078
0.236199
0.15681
0.388616
0.502657
0.165633
0.556938
0.810447
0.136345
0.775352
0.982249
0.942545
0.339231
0.693087
0.662162
0.827978
0.846496
0.555046
0.673246
0.498583
0.00797789
0.712066
0.508476
0.190539
0.861092
0.813734
0.721225
0.0603315
0.0106782
0.982796
0.60831
0.00118207
0.471005
0.538985
0.561326
0.92211
0.650901
0.063536
0.305026
0.491718
0.411547
0.317865
0.488282
0.0627156
0.113297
0.948837
0.751886
0.101407
0.584938
0.907533
0.643294
0.664543
0.225004
0.0814475
0.090988
0.00384382
0.957428
0.0647924
0.764933
0.545755
0.499811
0.0875481
0.0130145
0.064872
0.00931906
0.972104
0.14884
0.599692
0.411833
0.737848
0.63654
0.920947
0.674172
0.228418
0.436192
0.511046
0.97172
0.00255917
0.0648392
0.846513
0.945479
0.766003
0.65116
0.815088
0.00229683
0.252872
0.330269
0.100652
0.645129
0.825311
0.355245
0.216428
0.475496
0.223543
0.367363
0.738999
0.460742
0.0712996
0.335148
0.610065
0.702423
0.869807
0.00551083
0.298707
0.749143
0.863316
0.8967
0.399194
0.438245
0.387023
0.225082
0.14768
0.00258749
0.766219
0.979577
0.826033
0.185735
0.762506
0.189207
0.340227
0.608595
0.689795
0.388097
0.269398
0.944259
0.304447
0.58453
0.424555
0.342557
0.417049
0.760839
0.86255
0.515751
0.291348
0.21509
0.95814
0.997802
0.54979
0.747382
0.736056
0.299906
0.858737
0.342195
0.793313
0.473951
0.256894
0.0956316
0.105734
0.262925
0.396453
0.740478
0.317931
0.495554
0.855452
0.99148
0.047518
0.100038
0.225726
0.35834
0.141959
0.784811
0.372465
0.0618417
0.724032
0.349729
0.4888
0.707032
0.542847
0.249791
0.752822
0.427213
0.941079
0.967517
0.0321956
0.47858
